HGA 8001 30123456 20250310 Fractura 3 72.5
HIT 8002 27654321 20250401 Apendicitis 1 65.0
HCO 8003 31234567 20250510 Arritmia 1 80.0
HBR 8004 32345678 20250512 Migraña 3 62.1
HCL 8005 33456789 20250514 Neumonia 2 75.4
HPE 8006 34567890 20250515 Control 4 12.5
HMA 8007 35678901 20250518 Esguince 3 68.9
HGA 8008 36789012 20250520 Alergia 2 45.2
HIT 8009 37890123 20250522 Lumbalgia 3 85.6
HCO 8010 38901234 20250525 Diabetes 2 70.0
HBR 8011 39012345 20250526 Vertigo 3 58.3
HCL 8012 40123456 20250528 Infeccion 1 82.1