HGA 5001 8001 201 20250315 Traumatologia 30
HIT 5002 8002 305 20250402 Cirugia 90
HCO 5003 8003 401 20250511 Cardiologia 45
HCO 5004 8003 401 20250518 Cardiologia 30
HBR 5005 8004 402 20250513 Neurologia 40
HBR 5006 8004 402 20250520 Neurologia 20
HCL 5007 8005 403 20250515 Clinica 60
HCL 5008 8005 403 20250522 Clinica 30
HPE 5009 8006 404 20250516 Pediatria 20
HPE 5010 8006 404 20250530 Pediatria 15
HMA 5011 8007 405 20250519 Traumatologia 45
HMA 5012 8007 405 20250526 Traumatologia 30
HGA 5013 8008 202 20250521 Pediatria 15
HGA 5014 8008 202 20250528 Pediatria 20
HIT 5015 8009 306 20250523 Traumatologia 30
HIT 5016 8009 306 20250530 Traumatologia 30
HCO 5017 8010 401 20250527 Clinica 40
HCO 5018 8010 406 20250603 Cardiologia 45
HBR 5019 8011 402 20250527 Neurologia 30
HBR 5020 8011 407 20250605 Clinica 20
HCL 5021 8012 403 20250529 Internacion 90
HCL 5022 8012 403 20250530 Internacion 60